.Random.seed <-
c(403L, 1L, -1243184605L, 251898482L, -381243196L, 1156994695L, 
1263291997L, -375639980L, 307810938L, 1607002565L, 1028725535L, 
-165177690L, -1711405008L, -68166957L, 282964209L, 231914528L, 
1416112830L, 1945771721L, -215090053L, -1126608310L, -1162189140L, 
1633837487L, 805046629L, 1229330204L, -2114348174L, 1205647341L, 
35764263L, -230145970L, -1628330840L, -1835087189L, -1352958007L, 
-781364264L, -1041075578L, 1915626337L, -886921485L, 998365538L, 
-315725868L, 123163351L, 564066509L, -1491103644L, -194216374L, 
-1821742155L, -1637574897L, 1167516694L, 1220087488L, 634460291L, 
-865176415L, -796992880L, -317109906L, 120792857L, -1396450389L, 
685926810L, 136703324L, 1187595359L, -1601078219L, 1058990028L, 
-1578650846L, -2137133699L, -1384120713L, 171681694L, -1869724072L, 
1209692091L, -1826078375L, 692353768L, 360252182L, 2146534545L, 
501176643L, 453932114L, 21972708L, 833487143L, 790655357L, 2007005300L, 
-387073446L, -1362405723L, 855606463L, -113354938L, 703043024L, 
1627146227L, 1866530577L, 884080448L, 327403294L, 359069673L, 
-1490035429L, -355633366L, -725120948L, -133332977L, -446280891L, 
-149168900L, -1250759854L, -1113412403L, -2001564537L, 1912461166L, 
-1307465400L, 478776651L, 672977065L, 1069388280L, 279994662L, 
223248961L, -883151917L, 868145538L, -1995379276L, 677787959L, 
217918509L, -1989994172L, 1993035370L, -825251627L, -1699854737L, 
-1600089226L, 854312096L, 420928867L, -1027576319L, -354538128L, 
-1966101234L, -1857556615L, 935989003L, -1292414918L, -802562244L, 
-515908481L, -1759744043L, -1891384852L, -1297157310L, -1900487523L, 
-2024512233L, -308241282L, 390263864L, 68490011L, -2051860359L, 
-2067480376L, -2079897354L, 1592400177L, -1266273949L, -705125582L, 
1787604100L, 43866311L, -284884067L, 1872307988L, 238902714L, 
-1690731515L, 1611551199L, -819800986L, 1329230832L, -491369197L, 
-593366351L, -498852512L, 1523192574L, -796651895L, 2081962427L, 
1275732874L, -492172692L, 1619117039L, -575607771L, 1476785372L, 
1438370482L, -1094275667L, 487240039L, 834686606L, 1782175592L, 
1103728491L, -252913399L, -935178344L, -1678215482L, 1731183649L, 
1141674163L, 1212631586L, -1166849004L, -276258665L, 1292309133L, 
-1964637276L, -1020494454L, 2125916661L, -1337899953L, -1846172842L, 
-1437951488L, -35179709L, 440242913L, -995491760L, 1056891054L, 
-815754151L, -1484675989L, 1812720090L, -129846628L, 2023279775L, 
1687273205L, 1330414476L, -1940385182L, -1725159875L, 139790519L, 
1113126750L, -140559720L, -1044633093L, 128996249L, -44684248L, 
505273558L, -274462383L, -529782781L, -1244024942L, -2010350300L, 
-196062233L, -1582782403L, 1644058292L, 1633156378L, -1948152219L, 
-1271233793L, -194357370L, -39048944L, -1041229389L, 1716568657L, 
-1120284160L, -1485910306L, -1011120855L, 1323665627L, 1191989226L, 
-1055690868L, -3104561L, -1651728251L, -47062212L, -1615046126L, 
912584973L, 1021835847L, 2143707182L, -264301176L, -1333629813L, 
-1988016535L, -761750984L, 950356710L, 227272321L, 1908419091L, 
1955564994L, 737625716L, -606992782L, -1189344400L, -629555932L, 
-1762878920L, 1093841306L, 719482320L, 989717948L, -517411180L, 
57320066L, 955432384L, -521562308L, 1760465552L, 350566178L, 
-1826130424L, 341418764L, -542514276L, -642098158L, 187181952L, 
-320079084L, -1702922968L, 1727631418L, -1947597872L, -490309012L, 
-2023240652L, 57594002L, 1457387872L, -993911476L, 508958176L, 
-821879902L, 2702248L, -456418164L, -2052934724L, -1638734734L, 
-1034967056L, -1999322044L, -640898984L, 932700218L, 1251190896L, 
-1514987972L, 39773972L, -1112945982L, -1415916832L, 1193280636L, 
-250835760L, -948202590L, 1832799784L, -1323523828L, -1143896132L, 
-1552142030L, -136611648L, 340947508L, -510977336L, -17595718L, 
-53195632L, -2051111188L, 1097651796L, -1701255534L, -1979414752L, 
-2068097076L, -521844512L, -28127550L, -1002040280L, 1298398124L, 
-2113033540L, 2134327794L, -674560464L, 707352484L, -1468358216L, 
40680282L, -1740630896L, -821077124L, 545316628L, 1993448770L, 
1779388160L, 1873992636L, -867975344L, 1974411554L, -1289106872L, 
98392076L, -628814756L, -1081765422L, 1087075840L, -955977388L, 
415432936L, -1590054662L, 846669520L, -1436350164L, 150657268L, 
-1826525806L, -1877268128L, -1917392884L, -50165024L, 1092846178L, 
-150881624L, 1705392716L, -1800165508L, -663474894L, -856586640L, 
-1258439868L, -1979299880L, 2137735034L, 1360285232L, 789641148L, 
16692820L, -272127934L, 1823547552L, 1607708348L, -38663728L, 
-900594846L, 1239679720L, -2128084788L, 1918214652L, 321440242L, 
2136152704L, -1047988748L, 3409544L, -1504379078L, 1630290768L, 
-12905364L, 860166548L, -1036671918L, 871721440L, 1882504396L, 
-1182962528L, -557730430L, 644505832L, -941662484L, -459166404L, 
-1673905038L, 1956724848L, 1735448612L, -1574933448L, -1657407718L, 
-726385456L, 583579452L, 1785354132L, 1937935234L, 2132079040L, 
1158950460L, 604931472L, -764910046L, 331799816L, 898041484L, 
1455003420L, 636313746L, -852825728L, -1009336812L, -1544032472L, 
-589802950L, -1314155056L, 363497836L, 367887284L, 156633106L, 
-1779921440L, 1723334604L, -162799392L, -2129889246L, 728875304L, 
-1175167476L, -1262510276L, 675068914L, -1857418512L, -74701244L, 
1253974616L, 359563066L, 1196987888L, -9367876L, -1352967916L, 
-253519166L, 784026720L, -1284918404L, 2001733584L, 341623074L, 
1431390888L, 2009346956L, 631105724L, -990927054L, -845256128L, 
-1132419916L, -1591494072L, 1402813882L, -1397024240L, -789058836L, 
557033812L, 1707458834L, -75260512L, -767173940L, 357138016L, 
132480962L, 1737408296L, 1564692396L, 1696592700L, -864269966L, 
324066096L, -28424924L, 740703032L, -1708927270L, -1141129328L, 
1483321084L, 1207493524L, -1869776830L, 1420723456L, -240196548L, 
1462575440L, 1752524962L, 217733448L, -550361332L, 514577116L, 
2084392274L, -1591485312L, -204595116L, 1858533352L, -403488518L, 
1400204112L, -2145231060L, -228583052L, 15600530L, -505567136L, 
-797481588L, 507460448L, -920843806L, 2001791912L, 165551308L, 
-1379043332L, 1294501298L, -1419252240L, 375888836L, 1193919325L, 
-1342233753L, 1182156944L, -1138223442L, -551275685L, 1195000637L, 
-1130772054L, -1416518072L, -1651730831L, 1108355043L, 2056065764L, 
431082002L, -1263010329L, -1394153039L, -810328074L, -2037153260L, 
210693413L, 1361509935L, 1099516904L, -1049092922L, -791688845L, 
-79810091L, 1773503922L, -1717232768L, -993476759L, 1147139035L, 
715373356L, 307782970L, 36625391L, 963391097L, 167524622L, -1705645860L, 
54681421L, -906768713L, 832805952L, -1211058914L, -1713721365L, 
446485357L, 477667802L, 829193112L, 178717185L, -1929448525L, 
-602254636L, -1880976414L, 84256375L, 713744321L, 1090436422L, 
-1600861052L, 1559466549L, -1109517793L, -1569800840L, -694993834L, 
420593891L, -30423387L, 1863412546L, 995803440L, 1886689625L, 
-1311319349L, 1771488060L, -400118934L, 1034897823L, -973635543L, 
-1479288130L, -1643373652L, -1839765251L, -1230486457L, -1166892240L, 
-1643404210L, -1063171973L, -1658205219L, 1131172362L, 970594088L, 
-1648342639L, 645468035L, -893311868L, -839482702L, -57764345L, 
-48998831L, -125194794L, -1997602636L, 1223769285L, 610598415L, 
210499208L, 692009894L, 1769829203L, 1576852661L, 1515723282L, 
1232402400L, 746220105L, -1203609477L, 904835404L, -834329382L, 
-95271729L, -1950642023L, -2084057938L, -223839812L, 1277002285L, 
-1982712361L, 212360224L, -2031550082L, -1363439797L, 1558648141L, 
-1793401990L, 1206091192L, 1961647969L, 1683347219L, -1317376204L, 
-1915568830L, 141865303L, 1426898081L, 779330918L, 2084636516L, 
-206084459L, 1426743231L, 801104728L, 1609277814L, 1992500099L, 
415089093L, 428836578L, 183633744L, 2043314809L, 437757355L, 
-227251428L, -734479286L, 1520904255L, 813742217L, 29023390L, 
-1945089716L, 105845021L, 2129198247L, -2046669872L, -220023954L, 
1955033627L, -1157377155L, -958156438L, 1443753992L, -1599465295L, 
1583920931L, -1155673052L, 865208018L, 1428267815L, 1351034225L, 
-1050367050L, 1158188884L, -407778843L, -865831953L, 1055277864L, 
